3x+1: 1 [[1, 4, 2]]
GOOD 3x-1: 3 [[1, 2], [5, 14, 7, 20, 10], [17, 50, 25, 74, 37, 110, 55, 164, 82, 41, 122, 61, 182, 91, 272, 136, 68, 34]]
5x-1 : 1 [[1, 4, 2]]
5x+1 : 3 [6, 3, 16, 8, 4, 2, 1], [416, 208, 104, 52, 26, 13, 66, 33, 166, 83], [86, 43, 216, 108, 54, 27, 136, 68, 34, 17]
5x+3 : 7 [[1, 8, 4, 2], [3, 18, 9, 48, 24, 12, 6], [78, 39, 198, 99, 498, 249, 1248, 624, 312, 156], [43, 218, 109, 548, 274, 137, 688, 344, 172, 86], [51, 258, 129, 648, 324, 162, 81, 408, 204, 102], [53, 268, 134, 67, 338, 169, 848, 424, 212, 106], [61, 308, 154, 77, 388, 194, 97, 488, 244, 122]]
5x-3 : 2 [[1, 2], [3, 12, 6]]
7x+1: 1 [[1, 8, 4, 2]]
7x-1: 0
7x-3: 2 [[1, 4, 2], [172, 86, 43, 298, 149, 1040, 520, 260, 130, 65, 452, 226, 113, 788, 394, 197, 1376, 688, 344]]
7x+3: 1 [[3, 24, 12, 6]]
7x+5: 3 [[12, 6, 3, 26, 13, 96, 48, 24], [5, 40, 20, 10], [54, 27, 194, 97, 684, 342, 171, 1202, 601, 4212, 2106, 1053, 7376, 3688, 1844, 922, 461, 3232, 1616, 808, 404, 202, 101, 712, 356, 178, 89, 628, 314, 157, 1104, 552, 276, 138, 69, 488, 244, 122, 61, 432, 216, 108]]
7x-5: 1 [[1, 2]]
9x-7: 2 [[1, 2], [7, 56, 28, 14]]
9x+7: 1 [[1, 16, 8, 4, 2]]
9x+5: 0
9x-5: 2 [[1, 4, 2], [5, 40, 20, 10]]
9x+3: 0 
9x-3: 1 [[6, 3, 24, 12]]
9x+1: 0
9x-1: 1 [[1, 8, 4, 2]]

5x+3, /-2: 3 [[1, 8, -4, 2, -1, -2], [6, -3, -12], [-102, 51, 258, -129, -642, 321, 1608, -804, 402, -201, -1002, 501, 2508, -1254, 627, 3138, -1569, -7842, 3921, 19608, -9804, 4902, -2451, -12252, 6126, -3063, -15312, 7656, -3828, 1914, -957, -4782, 2391, 11958, -5979, -29892, 14946, -7473, -37362, 18681, 93408, -46704, 23352, -11676, 5838, -2919, -14592, 7296, -3648, 1824, -912, 456, -228, 114, -57, -282, 141, 708, -354, 177, 888, -444, 222, -111, -552, 276, -138, 69, 348, -174, 87, 438, -219, -1092, 546, -273, -1362, 681, 3408, -1704, 852, -426, 213, 1068, -534, 267, 1338, -669, -3342, 1671, 8358, -4179, -20892, 10446, -5223, -26112, 13056, -6528, 3264, -1632, 816, -408, 204]]

5x-3 /-2: 3 [[1, 2, -1, -8, 4, -2], [3, 12, -6], [102, -51, -258, 129, 642, -321, -1608, 804, -402, 201, 1002, -501, -2508, 1254, -627, -3138, 1569, 7842, -3921, -19608, 9804, -4902, 2451, 12252, -6126, 3063, 15312, -7656, 3828, -1914, 957, 4782, -2391, -11958, 5979, 29892, -14946, 7473, 37362, -18681, -93408, 46704, -23352, 11676, -5838, 2919, 14592, -7296, 3648, -1824, 912, -456, 228, -114, 57, 282, -141, -708, 354, -177, -888, 444, -222, 111, 552, -276, 138, -69, -348, 174, -87, -438, 219, 1092, -546, 273, 1362, -681, -3408, 1704, -852, 426, -213, -1068, 534, -267, -1338, 669, 3342, -1671, -8358, 4179, 20892, -10446, 5223, 26112, -13056, 6528, -3264, 1632, -816, 408, -204]]

GOOD 3x+1/ -2: 1 [[1, 4, -2]]
GOOD: 3x-1/-2: 1 [[2, -1, -4]]

GOOD -3x+1/ 2: 2 [[1, -2, -1, 4, 2], [13, -38, -19, 58, 29, -86, -43, 130, 65, -194, -97, 292, 146, 73, -218, -109, 328, 164, 82, 41, -122, -61, 184, 92, 46, 23, -68, -34, -17, 52, 26]]

GOOD -3x-1/ 2: 2 [[1, -4, -2, -1, 2], [-46, -23, 68, 34, 17, -52, -26, -13, 38, 19, -58, -29, 86, 43, -130, -65, 194, 97, -292, -146, -73, 218, 109, -328, -164, -82, -41, 122, 61, -184, -92]]
GOOD -3x-1/-2: 1 [[2, -1]]

GOOD -2x+1/-3 : 1 [[-1, 3]]
GOOD -2x+1/3: 1 [[1, -1, 3]]

-x + 1/2: ?
GOOD x + 1/2: 1 [[1, 2]]
good: [(-3, 1, 2), (-3, -1, 2), (-3, 1, -2), (-3, -1, -2), (-2, 1, 3), (-2, -1, 3), (-2, -1, -3), (3, 1, 2), (3, -1, 2), (3, -1, -2)]